%YAML:1.0
---
Camera_fx: 6.2505454703798955e+02
Camera_fy: 6.2471901657743911e+02
Camera_cx: 3.1530668786333268e+02
Camera_cy: 2.4693977719309183e+02
Camera_k1: 2.0734951970891216e-01
Camera_k2: -9.5656465077198349e-01
Camera_p1: -6.3342941467804236e-04
Camera_p2: -2.9478466093332371e-03
Camera_k3: 1.0387564652301349e+00
Camera_width: 640
Camera_height: 480
Camera_fps: 20.
Camera_RGB: 1
ORBextractor_nFeatures: 1000
ORBextractor_scaleFactor: 1.2000000000000000e+00
ORBextractor_nLevels: 8
ORBextractor_iniThFAST: 20
ORBextractor_minThFAST: 7
Viewer_KeyFrameSize: 5.0000000000000003e-02
Viewer_KeyFrameLineWidth: 1
Viewer_GraphLineWidth: 9.0000000000000002e-01
Viewer_PointSize: 2
Viewer_CameraSize: 8.0000000000000002e-02
Viewer_CameraLineWidth: 3
Viewer_ViewpointX: 0
Viewer_ViewpointY: -6.9999999999999996e-01
Viewer_ViewpointZ: -1.8000000000000000e+00
Viewer_ViewpointF: 500
