%YAML:1.0
---
Camera_fx: 6.5226999458826083e+02
Camera_fy: 6.5245880754840493e+02
Camera_cx: 3.0630305418001797e+02
Camera_cy: 2.4005631237834461e+02
Camera_k1: 1.2582905924065696e-01
Camera_k2: 1.4221344684999301e-01
Camera_p1: 1.0048678357125987e-03
Camera_p2: -7.9267217244248424e-03
Camera_k3: -3.7269546065013790e+00
Camera_width: 640
Camera_height: 480
