%YAML:1.0
---
Camera_fx: 6.2505454703798955e+02
Camera_fy: 6.2471901657743911e+02
Camera_cx: 3.1530668786333268e+02
Camera_cy: 2.4693977719309183e+02
Camera_k1: 2.0734951970891216e-01
Camera_k2: -9.5656465077198349e-01
Camera_p1: -6.3342941467804236e-04
Camera_p2: -2.9478466093332371e-03
Camera_k3: 1.0387564652301349e+00
Camera_width: 640
Camera_height: 480
Camera_fps: 4.7906393844239012e+01
Camera_bf: 20.
Camera_RGB: 1
ThDepth: 35
Left_height: 480
Left_width: 640
Left_D: !!opencv-matrix
   rows: 1
   cols: 5
   dt: d
   data: [ 2.0734951970891216e-01, -9.5656465077198349e-01,
       -6.3342941467804236e-04, -2.9478466093332371e-03,
       1.0387564652301349e+00 ]
Left_K: !!opencv-matrix
   rows: 3
   cols: 3
   dt: d
   data: [ 6.2505454703798955e+02, 0., 3.1530668786333268e+02, 0.,
       6.2471901657743911e+02, 2.4693977719309183e+02, 0., 0., 1. ]
Left_R: !!opencv-matrix
   rows: 3
   cols: 3
   dt: d
   data: [ 9.8523219257731742e-01, -8.0097864541473819e-04,
       -1.7122174261028134e-01, 2.1846666980651074e-04,
       9.9999412481883299e-01, -3.4209063317079511e-03,
       1.7122347672444344e-01, 3.3329808018837115e-03,
       9.8522657914683176e-01 ]
Left_P: !!opencv-matrix
   rows: 3
   cols: 4
   dt: d
   data: [ 6.3858891206292196e+02, 0., 4.5425938415527344e+02, 0., 0.,
       6.3858891206292196e+02, 2.4370003509521484e+02, 0., 0., 0., 1.,
       0. ]
Right_height: 480
Right_width: 640
Right_D: !!opencv-matrix
   rows: 1
   cols: 5
   dt: d
   data: [ 1.2582905924065696e-01, 1.4221344684999301e-01,
       1.0048678357125987e-03, -7.9267217244248424e-03,
       -3.7269546065013790e+00 ]
Right_K: !!opencv-matrix
   rows: 3
   cols: 3
   dt: d
   data: [ 6.5226999458826083e+02, 0., 3.0630305418001797e+02, 0.,
       6.5245880754840493e+02, 2.4005631237834461e+02, 0., 0., 1. ]
Right_R: !!opencv-matrix
   rows: 3
   cols: 3
   dt: d
   data: [ 9.8372364913962307e-01, -2.0303101170906757e-03,
       -1.7967654260991384e-01, 2.6418018492955588e-03,
       9.9999150471958020e-01, 3.1640751663959466e-03,
       1.7966859215347794e-01, -3.5872453913809886e-03,
       9.8372065580839019e-01 ]
Right_P: !!opencv-matrix
   rows: 3
   cols: 4
   dt: d
   data: [ 6.3858891206292196e+02, 0., 4.5166392135620117e+02,
       -7.4270172568830400e+04, 0., 6.3858891206292196e+02,
       2.4370003509521484e+02, 0., 0., 0., 1., 0. ]
ORBextractor_nFeatures: 1200
ORBextractor_scaleFactor: 1.2000000000000000e+00
ORBextractor_nLevels: 8
ORBextractor_iniThFAST: 20
ORBextractor_minThFAST: 7
Viewer_KeyFrameSize: 5.0000000000000003e-02
Viewer_KeyFrameLineWidth: 1
Viewer_GraphLineWidth: 9.0000000000000002e-01
Viewer_PointSize: 2
Viewer_CameraSize: 8.0000000000000002e-02
Viewer_CameraLineWidth: 3
Viewer_ViewpointX: 0
Viewer_ViewpointY: -6.9999999999999996e-01
Viewer_ViewpointZ: -1.8000000000000000e+00
Viewer_ViewpointF: 500
